3.0 30.0 0.1 2.45
3.1 25.0 0.1 2.24
3.2 19.0 0.1 1.95
3.3 14.0 0.1 1.67
3.4 8.0 0.1 1.26
3.5 6.0 0.1 1.10
3.6 3.0 0.1 0.77
3.7 2.0 0.1 0.63
3.8 2.0 0.1 0.63
3.9 1.0 0.1 0.45
4.0 1.0 0.1 0.45
4.1 1.0 0.1 0.45
4.2 2.0 0.1 0.63
4.3 2.0 0.1 0.63
4.4 2.0 0.1 0.63
4.5 1.0 0.1 0.45
4.6 1.0 0.1 0.45
4.7 1.0 0.1 0.45
4.8 1.0 0.1 0.45
4.9 1.0 0.1 0.45
5.0 1.0 0.1 0.45
5.1 1.0 0.1 0.45
5.2 3.0 0.1 0.77
5.3 0.0 0.1 0.00
5.4 2.0 0.1 0.63
5.5 0.0 0.1 0.00
5.6 1.0 0.1 0.45
5.7 0.0 0.1 0.00
5.8 0.0 0.1 0.00
5.9 2.0 0.1 0.63
6.0 0.0 0.1 0.00
6.1 1.0 0.1 0.45
6.2 1.0 0.1 0.45
6.3 0.0 0.1 0.00
6.4 0.0 0.1 0.00
6.5 0.0 0.1 0.00
6.6 0.0 0.1 0.00
6.7 1.0 0.1 0.45
6.8 0.0 0.1 0.00
6.9 1.0 0.1 0.45
7.0 1.0 0.1 0.45
7.1 1.0 0.1 0.45
7.2 0.0 0.1 0.00
7.3 0.0 0.1 0.00
7.4 1.0 0.1 0.45
7.5 1.0 0.1 0.45
7.6 0.0 0.1 0.00
7.7 1.0 0.1 0.45
7.8 1.0 0.1 0.45
7.9 0.0 0.1 0.00
8.0 1.0 0.1 0.45
8.1 1.0 0.1 0.45
8.2 0.0 0.1 0.00
8.3 0.0 0.1 0.00
8.4 1.0 0.1 0.45
8.5 0.0 0.1 0.00
8.6 2.0 0.1 0.63
8.7 2.0 0.1 0.63
8.8 6.0 0.1 1.10
8.9 7.0 0.1 1.18
9.0 8.0 0.1 1.26
9.1 10.0 0.1 1.41
9.2 13.0 0.1 1.61
9.3 12.0 0.1 1.55
9.4 16.0 0.1 1.79
9.5 18.0 0.1 1.90
9.6 19.0 0.1 1.95
9.7 23.0 0.1 2.14
9.8 21.0 0.1 2.05
9.9 19.0 0.1 1.95
10.0 21.0 0.1 2.05
10.1 21.0 0.1 2.05
10.2 22.0 0.1 2.10
10.3 23.0 0.1 2.14
10.4 24.0 0.1 2.19
10.5 22.0 0.1 2.10
10.6 21.0 0.1 2.05
10.7 22.0 0.1 2.10
10.8 23.0 0.1 2.14
10.9 27.0 0.1 2.32
11.0 22.0 0.1 2.10
11.1 25.0 0.1 2.24
11.2 23.0 0.1 2.14
11.3 25.0 0.1 2.24
11.4 31.0 0.1 2.49
11.5 27.0 0.1 2.32
11.6 27.0 0.1 2.32
11.7 28.0 0.1 2.36
11.8 26.0 0.1 2.28
11.9 23.0 0.1 2.14
12.0 26.0 0.1 2.28
12.1 28.0 0.1 2.36
12.2 24.0 0.1 2.19
12.3 20.0 0.1 2.00
12.4 25.0 0.1 2.24
12.5 25.0 0.1 2.24
12.6 25.0 0.1 2.24
12.7 20.0 0.1 2.00
12.8 26.0 0.1 2.28
12.9 27.0 0.1 2.32
13.0 24.0 0.1 2.19
13.1 23.0 0.1 2.14
13.2 19.0 0.1 1.95
13.3 24.0 0.1 2.19
13.4 22.0 0.1 2.10
13.5 24.0 0.1 2.19
13.6 24.0 0.1 2.19
13.7 22.0 0.1 2.10
13.8 20.0 0.1 2.00
13.9 20.0 0.1 2.00
14.0 21.0 0.1 2.05
14.1 19.0 0.1 1.95
14.2 20.0 0.1 2.00
14.3 16.0 0.1 1.79
14.4 21.0 0.1 2.05
14.5 20.0 0.1 2.00
14.6 20.0 0.1 2.00
14.7 14.0 0.1 1.67
14.8 16.0 0.1 1.79
14.9 16.0 0.1 1.79
15.0 18.0 0.1 1.90