3.0 54.0 0.1 3.28
3.1 62.0 0.1 3.52
3.2 39.0 0.1 2.79
3.3 35.0 0.1 2.65
3.4 22.0 0.1 2.10
3.5 10.0 0.1 1.41
3.6 5.0 0.1 1.00
3.7 2.0 0.1 0.63
3.8 4.0 0.1 0.89
3.9 3.0 0.1 0.77
4.0 2.0 0.1 0.63
4.1 3.0 0.1 0.77
4.2 4.0 0.1 0.89
4.3 2.0 0.1 0.63
4.4 2.0 0.1 0.63
4.5 1.0 0.1 0.45
4.6 2.0 0.1 0.63
4.7 2.0 0.1 0.63
4.8 2.0 0.1 0.63
4.9 2.0 0.1 0.63
5.0 1.0 0.1 0.45
5.1 2.0 0.1 0.63
5.2 3.0 0.1 0.77
5.3 3.0 0.1 0.77
5.4 2.0 0.1 0.63
5.5 2.0 0.1 0.63
5.6 2.0 0.1 0.63
5.7 1.0 0.1 0.45
5.8 2.0 0.1 0.63
5.9 2.0 0.1 0.63
6.0 1.0 0.1 0.45
6.1 1.0 0.1 0.45
6.2 0.0 0.1 0.00
6.3 1.0 0.1 0.45
6.4 2.0 0.1 0.63
6.5 1.0 0.1 0.45
6.6 0.0 0.1 0.00
6.7 0.0 0.1 0.00
6.8 2.0 0.1 0.63
6.9 2.0 0.1 0.63
7.0 2.0 0.1 0.63
7.1 2.0 0.1 0.63
7.2 3.0 0.1 0.77
7.3 5.0 0.1 1.00
7.4 7.0 0.1 1.18
7.5 9.0 0.1 1.34
7.6 12.0 0.1 1.55
7.7 18.0 0.1 1.90
7.8 18.0 0.1 1.90
7.9 24.0 0.1 2.19
8.0 21.0 0.1 2.05
8.1 28.0 0.1 2.37
8.2 27.0 0.1 2.32
8.3 27.0 0.1 2.32
8.4 26.0 0.1 2.28
8.5 36.0 0.1 2.68
8.6 42.0 0.1 2.89
8.7 40.0 0.1 2.83
8.8 36.0 0.1 2.68
8.9 36.0 0.1 2.68
9.0 32.0 0.1 2.53
9.1 48.0 0.1 3.10
9.2 46.0 0.1 3.03
9.3 49.0 0.1 3.13
9.4 44.0 0.1 2.97
9.5 49.0 0.1 3.13
9.6 47.0 0.1 3.06
9.7 49.0 0.1 3.13
9.8 43.0 0.1 2.93
9.9 46.0 0.1 3.03
10.0 43.0 0.1 2.93
10.1 47.0 0.1 3.06
10.2 42.0 0.1 2.89
10.3 41.0 0.1 2.86
10.4 48.0 0.1 3.10
10.5 44.0 0.1 2.97
10.6 48.0 0.1 3.10
10.7 42.0 0.1 2.89
10.8 50.0 0.1 3.16
10.9 47.0 0.1 3.06
11.0 40.0 0.1 2.83
11.1 44.0 0.1 2.97
11.2 43.0 0.1 2.93
11.3 43.0 0.1 2.93
11.4 46.0 0.1 3.03
11.5 43.0 0.1 2.93
11.6 39.0 0.1 2.79
11.7 39.0 0.1 2.79
11.8 44.0 0.1 2.97
11.9 37.0 0.1 2.72
12.0 47.0 0.1 3.06
12.1 43.0 0.1 2.93
12.2 41.0 0.1 2.86
12.3 41.0 0.1 2.86
12.4 38.0 0.1 2.76
12.5 36.0 0.1 2.68
12.6 37.0 0.1 2.72
12.7 39.0 0.1 2.79
12.8 36.0 0.1 2.68
12.9 35.0 0.1 2.65
13.0 37.0 0.1 2.72
13.1 34.0 0.1 2.61
13.2 35.0 0.1 2.65
13.3 33.0 0.1 2.57
13.4 32.0 0.1 2.53
13.5 31.0 0.1 2.49
13.6 36.0 0.1 2.68
13.7 33.0 0.1 2.57
13.8 27.0 0.1 2.32
13.9 38.0 0.1 2.76
14.0 32.0 0.1 2.53
14.1 29.0 0.1 2.41
14.2 26.0 0.1 2.28
14.3 29.0 0.1 2.41
14.4 24.0 0.1 2.19
14.5 26.0 0.1 2.28
14.6 23.0 0.1 2.14
14.7 24.0 0.1 2.19
14.8 25.0 0.1 2.24
14.9 29.0 0.1 2.41
15.0 24.0 0.1 2.19