3.0 100.0 0.1 4.47
3.1 106.0 0.1 4.60
3.2 63.0 0.1 3.55
3.3 52.0 0.1 3.23
3.4 34.0 0.1 2.61
3.5 20.0 0.1 2.00
3.6 11.0 0.1 1.48
3.7 5.0 0.1 1.00
3.8 3.0 0.1 0.77
3.9 5.0 0.1 1.00
4.0 4.0 0.1 0.89
4.1 5.0 0.1 1.00
4.2 4.0 0.1 0.89
4.3 4.0 0.1 0.89
4.4 4.0 0.1 0.89
4.5 4.0 0.1 0.89
4.6 4.0 0.1 0.89
4.7 3.0 0.1 0.77
4.8 4.0 0.1 0.89
4.9 4.0 0.1 0.89
5.0 4.0 0.1 0.89
5.1 5.0 0.1 1.00
5.2 4.0 0.1 0.89
5.3 3.0 0.1 0.77
5.4 3.0 0.1 0.77
5.5 1.0 0.1 0.45
5.6 1.0 0.1 0.45
5.7 5.0 0.1 1.00
5.8 3.0 0.1 0.77
5.9 4.0 0.1 0.89
6.0 4.0 0.1 0.89
6.1 4.0 0.1 0.89
6.2 6.0 0.1 1.10
6.3 8.0 0.1 1.26
6.4 8.0 0.1 1.26
6.5 12.0 0.1 1.55
6.6 15.0 0.1 1.73
6.7 19.0 0.1 1.95
6.8 22.0 0.1 2.10
6.9 24.0 0.1 2.19
7.0 24.0 0.1 2.19
7.1 31.0 0.1 2.49
7.2 34.0 0.1 2.61
7.3 39.0 0.1 2.79
7.4 36.0 0.1 2.68
7.5 39.0 0.1 2.79
7.6 52.0 0.1 3.23
7.7 51.0 0.1 3.19
7.8 50.0 0.1 3.16
7.9 49.0 0.1 3.13
8.0 56.0 0.1 3.35
8.1 56.0 0.1 3.35
8.2 59.0 0.1 3.43
8.3 62.0 0.1 3.51
8.4 63.0 0.1 3.55
8.5 65.0 0.1 3.60
8.6 67.0 0.1 3.66
8.7 74.0 0.1 3.85
8.8 72.0 0.1 3.79
8.9 69.0 0.1 3.72
9.0 71.0 0.1 3.77
9.1 65.0 0.1 3.60
9.2 71.0 0.1 3.77
9.3 75.0 0.1 3.87
9.4 75.0 0.1 3.87
9.5 77.0 0.1 3.93
9.6 70.0 0.1 3.74
9.7 79.0 0.1 3.98
9.8 75.0 0.1 3.87
9.9 67.0 0.1 3.66
10.0 68.0 0.1 3.69
10.1 66.0 0.1 3.64
10.2 64.0 0.1 3.58
10.3 62.0 0.1 3.51
10.4 62.0 0.1 3.51
10.5 63.0 0.1 3.55
10.6 70.0 0.1 3.74
10.7 59.0 0.1 3.43
10.8 55.0 0.1 3.32
10.9 60.0 0.1 3.46
11.0 65.0 0.1 3.60
11.1 57.0 0.1 3.37
11.2 57.0 0.1 3.37
11.3 62.0 0.1 3.51
11.4 57.0 0.1 3.37
11.5 63.0 0.1 3.55
11.6 54.0 0.1 3.29
11.7 61.0 0.1 3.49
11.8 56.0 0.1 3.35
11.9 53.0 0.1 3.25
12.0 50.0 0.1 3.16
12.1 46.0 0.1 3.03
12.2 52.0 0.1 3.23
12.3 52.0 0.1 3.23
12.4 52.0 0.1 3.23
12.5 61.0 0.1 3.49
12.6 49.0 0.1 3.13
12.7 49.0 0.1 3.13
12.8 50.0 0.1 3.16
12.9 46.0 0.1 3.03
13.0 46.0 0.1 3.03
13.1 50.0 0.1 3.16
13.2 52.0 0.1 3.23
13.3 51.0 0.1 3.19
13.4 52.0 0.1 3.23
13.5 50.0 0.1 3.16
13.6 55.0 0.1 3.32
13.7 52.0 0.1 3.23
13.8 49.0 0.1 3.13
13.9 47.0 0.1 3.06
14.0 48.0 0.1 3.10
14.1 44.0 0.1 2.97
14.2 51.0 0.1 3.19
14.3 50.0 0.1 3.16
14.4 45.0 0.1 3.00
14.5 45.0 0.1 3.00
14.6 48.0 0.1 3.10
14.7 48.0 0.1 3.10
14.8 41.0 0.1 2.86
14.9 42.0 0.1 2.89
15.0 50.0 0.1 3.16