3.0 177.0 0.1 5.95
3.1 160.0 0.1 5.66
3.2 114.0 0.1 4.77
3.3 93.0 0.1 4.31
3.4 58.0 0.1 3.41
3.5 35.0 0.1 2.65
3.6 19.0 0.1 1.95
3.7 11.0 0.1 1.48
3.8 11.0 0.1 1.48
3.9 8.0 0.1 1.26
4.0 9.0 0.1 1.34
4.1 6.0 0.1 1.10
4.2 8.0 0.1 1.26
4.3 7.0 0.1 1.18
4.4 10.0 0.1 1.41
4.5 6.0 0.1 1.10
4.6 8.0 0.1 1.26
4.7 8.0 0.1 1.26
4.8 7.0 0.1 1.18
4.9 6.0 0.1 1.10
5.0 5.0 0.1 1.00
5.1 7.0 0.1 1.18
5.2 6.0 0.1 1.10
5.3 6.0 0.1 1.10
5.4 8.0 0.1 1.26
5.5 12.0 0.1 1.55
5.6 12.0 0.1 1.55
5.7 13.0 0.1 1.61
5.8 14.0 0.1 1.67
5.9 18.0 0.1 1.90
6.0 20.0 0.1 2.00
6.1 26.0 0.1 2.28
6.2 32.0 0.1 2.53
6.3 41.0 0.1 2.86
6.4 43.0 0.1 2.93
6.5 44.0 0.1 2.97
6.6 48.0 0.1 3.10
6.7 44.0 0.1 2.97
6.8 59.0 0.1 3.43
6.9 68.0 0.1 3.69
7.0 59.0 0.1 3.43
7.1 78.0 0.1 3.95
7.2 85.0 0.1 4.12
7.3 88.0 0.1 4.19
7.4 109.0 0.1 4.67
7.5 113.0 0.1 4.75
7.6 117.0 0.1 4.84
7.7 147.0 0.1 5.42
7.8 105.0 0.1 4.58
7.9 85.0 0.1 4.12
8.0 78.0 0.1 3.95
8.1 83.0 0.1 4.07
8.2 85.0 0.1 4.12
8.3 90.0 0.1 4.24
8.4 96.0 0.1 4.38
8.5 91.0 0.1 4.27
8.6 92.0 0.1 4.29
8.7 97.0 0.1 4.39
8.8 97.0 0.1 4.39
8.9 100.0 0.1 4.47
9.0 98.0 0.1 4.43
9.1 100.0 0.1 4.47
9.2 106.0 0.1 4.60
9.3 98.0 0.1 4.43
9.4 106.0 0.1 4.60
9.5 103.0 0.1 4.54
9.6 94.0 0.1 4.34
9.7 98.0 0.1 4.43
9.8 92.0 0.1 4.29
9.9 90.0 0.1 4.24
10.0 93.0 0.1 4.31
10.1 88.0 0.1 4.19
10.2 78.0 0.1 3.95
10.3 76.0 0.1 3.90
10.4 78.0 0.1 3.95
10.5 88.0 0.1 4.19
10.6 78.0 0.1 3.95
10.7 80.0 0.1 4.00
10.8 82.0 0.1 4.05
10.9 80.0 0.1 4.00
11.0 85.0 0.1 4.12
11.1 77.0 0.1 3.93
11.2 75.0 0.1 3.87
11.3 86.0 0.1 4.14
11.4 72.0 0.1 3.79
11.5 78.0 0.1 3.95
11.6 78.0 0.1 3.95
11.7 83.0 0.1 4.07