3.0 289.0 0.1 7.60
3.1 272.0 0.1 7.38
3.2 184.0 0.1 6.06
3.3 145.0 0.1 5.39
3.4 110.0 0.1 4.69
3.5 71.0 0.1 3.77
3.6 39.0 0.1 2.79
3.7 30.0 0.1 2.45
3.8 23.0 0.1 2.14
3.9 20.0 0.1 2.00
4.0 19.0 0.1 1.95
4.1 12.0 0.1 1.55
4.2 17.0 0.1 1.84
4.3 14.0 0.1 1.67
4.4 13.0 0.1 1.61
4.5 13.0 0.1 1.61
4.6 11.0 0.1 1.48
4.7 10.0 0.1 1.41
4.8 13.0 0.1 1.61
4.9 16.0 0.1 1.79
5.0 18.0 0.1 1.90
5.1 23.0 0.1 2.14
5.2 20.0 0.1 2.00
5.3 24.0 0.1 2.19
5.4 32.0 0.1 2.53
5.5 32.0 0.1 2.53
5.6 43.0 0.1 2.93
5.7 42.0 0.1 2.90
5.8 48.0 0.1 3.10
5.9 55.0 0.1 3.32
6.0 51.0 0.1 3.19
6.1 60.0 0.1 3.46
6.2 64.0 0.1 3.58
6.3 67.0 0.1 3.66
6.4 82.0 0.1 4.05
6.5 82.0 0.1 4.05
6.6 89.0 0.1 4.21
6.7 85.0 0.1 4.12
6.8 102.0 0.1 4.52
6.9 107.0 0.1 4.63
7.0 115.0 0.1 4.79
7.1 143.0 0.1 5.35
7.2 159.0 0.1 5.64
7.3 199.0 0.1 6.32
7.4 210.0 0.1 6.48
7.5 214.0 0.1 6.53
7.6 216.0 0.1 6.57
7.7 291.0 0.1 7.63
7.8 179.0 0.1 5.98
7.9 114.0 0.1 4.77
8.0 107.0 0.1 4.63
8.1 114.0 0.1 4.77
8.2 119.0 0.1 4.88
8.3 122.0 0.1 4.95
8.4 112.0 0.1 4.73
8.5 116.0 0.1 4.82
8.6 127.0 0.1 5.05
8.7 122.0 0.1 4.95
8.8 119.0 0.1 4.88
8.9 125.0 0.1 5.00
9.0 119.0 0.1 4.88
9.1 121.0 0.1 4.95
9.2 123.0 0.1 4.96
9.3 124.0 0.1 5.01
9.4 130.0 0.1 5.10
9.5 126.0 0.1 5.02
9.6 127.0 0.1 5.05
9.7 112.0 0.1 4.73
9.8 124.0 0.1 5.01
9.9 126.0 0.1 5.02