3.0 448.0 0.1 9.47
3.1 415.0 0.1 9.11
3.2 293.0 0.1 7.66
3.3 217.0 0.1 6.59
3.4 160.0 0.1 5.66
3.5 104.0 0.1 4.56
3.6 73.0 0.1 3.82
3.7 56.0 0.1 3.35
3.8 47.0 0.1 3.07
3.9 42.0 0.1 2.89
4.0 35.0 0.1 2.65
4.1 40.0 0.1 2.83
4.2 32.0 0.1 2.53
4.3 28.0 0.1 2.37
4.4 28.0 0.1 2.37
4.5 30.0 0.1 2.45
4.6 33.0 0.1 2.57
4.7 29.0 0.1 2.41
4.8 35.0 0.1 2.65
4.9 40.0 0.1 2.83
5.0 45.0 0.1 3.00
5.1 47.0 0.1 3.07
5.2 59.0 0.1 3.43
5.3 66.0 0.1 3.63
5.4 71.0 0.1 3.77
5.5 81.0 0.1 4.02
5.6 87.0 0.1 4.17
5.7 82.0 0.1 4.05
5.8 79.0 0.1 3.98
5.9 79.0 0.1 3.98
6.0 92.0 0.1 4.29
6.1 90.0 0.1 4.24
6.2 93.0 0.1 4.31
6.3 102.0 0.1 4.51
6.4 121.0 0.1 4.92
6.5 122.0 0.1 4.95
6.6 125.0 0.1 5.00
6.7 137.0 0.1 5.23
6.8 150.0 0.1 5.48
6.9 162.0 0.1 5.69
7.0 179.0 0.1 5.98
7.1 208.0 0.1 6.45
7.2 257.0 0.1 7.17
7.3 299.0 0.1 7.73
7.4 345.0 0.1 8.31
7.5 315.0 0.1 7.93
7.6 376.0 0.1 8.67
7.7 480.0 0.1 9.79
7.8 289.0 0.1 7.60
7.9 141.0 0.1 5.31
8.0 134.0 0.1 5.18
8.1 151.0 0.1 5.49
8.2 142.0 0.1 5.33
8.3 133.0 0.1 5.16
8.4 145.0 0.1 5.38
8.5 157.0 0.1 5.60
8.6 158.0 0.1 5.63
8.7 162.0 0.1 5.69
8.8 148.0 0.1 5.44
8.9 148.0 0.1 5.44
9.0 147.0 0.1 5.42
9.1 149.0 0.1 5.46
9.2 149.0 0.1 5.46
9.3 166.0 0.1 5.75
9.4 159.0 0.1 5.64
9.5 170.0 0.1 5.83